0
0
0
0
0
0
0
0
0
0
0
18
0
0
13
185
189
0
0
134
17
43
184
0
0
0
0
0
0
186
0
0
0
0
0
0
130
0
0
0
0
0
0
0
36
0
0
0
0
15
9
1
1
1
58
1
91
19
1
1
75
1
17
1
60
3
1
1
1
58
102
88
39
1
1
1
63
88
3
1
1
1
1
1
7
1
1
1
1
1
1
152
1
1
37
188
1
10
1
18
38
3
3
93
4
199
16
2
39
199
197
196
2
47
37
17
28
1
3
3
39
2
5
2
3
199
3
3
154
38
39
16
37
178
3
162
2
2
35
178
2
152
3
196
2
15
76
6
2
2
3
3
3
58
3
190
4
3
17
2
160
3
2
76
188
5
40
181
5
3
3
178
46
38
3
113
3
3
190
3
6
3
39
9
10
15
48
189
3
192
2
5
3
39
93
2
0
36
15
35
52
116
52
96
2
146
4
19
185
11
16
35
137
157
10
42
198
4
51
96
48
4
194
4
20
46
4
2
23
2
73
55
157
33
5
2
194
4
46
4
4
164
19
188
70
164
4
24
4
11
5
5
70
10
32
14
144
1
44
127
12
52
5
41
46
5
157
99
73
17
122
58
33
5
88
148
88
32
190
58
16
48
11
14
9
4
4
39
16
7
52
46
5
16
5
164
71
5
118
2
192
185
29
100
6
6
6
190
190
6
6
6
190
6
127
122
117
6
79
52
6
14
34
6
6
14
42
6
6
6
15
6
14
6
6
84
3
6
14
55
6
6
51
35
190
9
3
6
59
6
7
7
37
7
7
16
181
7
7
9
9
51
179
195
7
7
3
31
192
41
36
9
56
7
139
10
8
41
31
9
84
88
88
109
52
7
10
10
9
7
58
18
15
38
7
5
122
15
10
9
8
36
8
8
9
8
8
8
8
87
8
37
8
10
9
42
8
8
8
8
8
35
8
38
8
8
8
132
9
8
8
37
8
8
122
8
8
11
8
8
37
8
37
137
8
9
37
43
8
8
9
91
51
52
31
55
42
9
152
9
5
132
38
40
33
195
31
37
5
35
9
17
5
88
5
164
17
9
9
9
9
47
88
66
40
0
9
5
7
9
7
48
46
159
41
9
17
18
130
18
10
152
10
67
36
10
10
10
10
10
42
1
10
188
10
7
156
39
10
0
190
41
15
122
58
10
1
10
10
46
38
91
10
10
37
10
5
10
15
42
42
10
88
10
41
10
132
40
10
16
11
11
11
70
190
20
11
55
11
159
14
49
11
22
3
48
122
11
11
20
163
20
51
52
88
11
11
11
56
91
21
20
55
11
11
52
52
11
134
51
11
11
11
55
27
80
11
11
11
185
12
55
53
20
12
12
12
54
47
155
34
54
12
35
27
12
12
2
9
54
12
55
12
111
55
54
121
31
33
76
12
20
12
39
47
9
12
51
12
48
12
65
47
119
54
33
58
135
136
21
13
190
13
13
13
13
13
13
13
148
188
5
13
23
13
76
23
13
148
23
13
14
13
13
13
13
13
14
24
13
152
13
13
183
13
13
13
13
13
13
88
148
13
168
13
13
13
13
7
13
88
14
14
14
14
14
14
196
14
0
19
14
2
14
14
14
14
15
14
196
14
3
46
93
14
196
46
14
14
14
196
3
14
55
5
100
14
4
134
14
14
14
14
3
14
196
14
14
14
14
15
15
67
15
140
15
15
2
11
190
88
52
41
39
48
185
3
87
15
161
88
15
7
17
15
46
199
48
23
15
141
14
15
42
15
10
136
2
15
35
199
15
54
16
15
199
15
16
17
37
159
122
39
122
10
185
16
174
16
4
67
19
134
185
160
16
190
20
0
10
17
36
0
10
192
15
41
16
99
16
16
130
103
46
185
175
46
10
55
17
3
76
15
197
38
185
55
185
52
99
17
17
1
59
23
46
58
17
59
6
14
17
46
17
46
17
17
17
174
17
191
193
17
192
17
46
17
17
185
17
17
17
46
17
188
122
14
17
17
189
152
185
17
2
197
185
17
17
46
17
191
178
18
148
77
184
93
131
149
179
190
191
30
18
18
175
18
189
18
18
190
184
59
18
18
18
75
18
191
18
9
18
2
130
189
190
18
48
18
168
190
18
95
18
19
147
24
179
5
5
19
9
19
82
19
182
19
1
88
19
9
19
1
19
2
191
19
91
191
18
17
7
19
42
1
3
7
55
19
9
19
19
19
19
3
30
40
192
9
183
185
5
19
54
10
10
19
18
19
19
20
42
43
49
20
20
11
10
55
52
20
52
30
159
8
4
52
55
20
20
152
75
52
20
52
168
22
11
16
37
20
20
50
20
20
27
122
20
20
20
122
55
36
52
36
20
20
84
122
20
21
35
21
148
55
21
21
100
21
197
23
21
48
188
159
21
21
21
21
21
49
21
104
86
48
21
55
21
21
21
21
129
21
21
21
11
170
21
21
105
42
21
88
28
11
21
21
137
34
21
24
22
27
60
22
197
22
22
20
22
11
22
22
22
22
22
22
22
22
22
11
96
22
22
137
148
22
21
22
11
56
122
22
22
47
22
95
137
173
22
51
22
55
51
5
27
27
22
22
22
23
23
148
23
23
195
148
23
23
23
23
23
55
23
23
13
13
23
23
14
23
23
23
23
23
23
23
13
23
23
55
195
197
185
23
39
23
13
48
23
21
23
23
23
197
23
23
23
23
0
48
24
24
48
130
27
32
161
88
123
31
94
31
59
24
112
27
115
77
181
119
31
24
34
27
90
24
34
54
55
48
24
48
26
156
28
31
69
24
33
30
52
65
163
24
26
48
18
24
13
31
55
47
31
10
58
25
48
35
161
48
189
83
5
24
9
25
29
31
31
25
25
25
25
31
25
28
27
24
28
24
9
25
192
28
33
24
17
190
58
37
24
130
31
26
24
27
29
192
60
26
34
26
26
27
26
35
189
58
47
26
67
196
26
33
5
185
50
28
26
26
26
34
26
26
26
5
148
58
47
27
181
27
27
26
58
26
31
26
9
26
11
48
160
26
48
48
27
26
28
27
51
26
100
24
58
48
26
27
25
94
24
26
58
55
35
55
24
37
27
31
50
27
27
27
151
11
20
20
60
55
58
48
27
52
55
22
29
9
28
88
56
189
26
132
24
26
27
25
9
24
58
60
52
58
24
54
28
41
28
27
188
20
143
88
28
58
28
105
28
28
28
37
114
25
24
31
107
176
28
34
100
24
47
36
12
28
34
91
28
24
74
9
25
28
26
53
28
58
25
29
173
199
55
27
27
165
27
111
32
48
158
147
105
84
27
48
27
11
24
51
54
11
26
143
55
20
47
77
11
24
29
26
56
55
100
52
57
54
5
161
26
54
100
35
49
23
46
34
50
30
32
35
48
88
51
88
30
47
161
30
139
128
30
28
141
28
30
114
189
32
130
31
193
22
32
65
24
28
32
27
31
5
30
32
32
14
27
15
5
3
33
7
30
48
3
155
30
177
2
47
31
29
31
47
33
111
83
105
56
31
161
29
31
141
131
141
152
34
31
28
31
47
35
31
22
31
9
31
12
6
28
31
31
31
31
31
47
15
31
123
31
23
13
31
141
47
31
9
29
30
32
25
41
122
138
15
103
147
62
32
35
161
30
52
161
35
28
27
32
32
4
103
27
31
55
25
47
137
32
134
199
105
174
32
31
29
73
32
88
30
173
30
77
32
48
8
30
142
24
127
33
17
48
33
33
34
51
33
56
3
88
46
48
118
33
24
91
33
137
53
32
88
52
12
9
33
33
183
56
33
58
29
12
48
2
12
49
33
33
26
41
23
96
34
50
48
91
33
58
34
34
31
34
56
34
34
33
34
31
33
48
34
50
34
51
31
52
33
26
34
34
35
35
26
34
56
52
34
3
34
34
34
56
34
34
34
34
34
34
52
51
52
33
30
30
56
48
33
9
35
35
15
92
56
35
51
34
48
56
55
51
35
48
35
35
48
55
58
9
35
35
51
136
58
54
35
35
35
35
35
199
2
35
35
165
35
35
29
35
33
34
35
54
58
35
48
35
58
35
25
36
36
36
36
36
36
36
36
38
130
38
36
38
36
128
199
36
36
36
42
36
36
36
152
36
189
36
122
36
36
194
36
36
36
36
115
36
36
42
36
36
36
36
53
36
11
37
36
36
7
82
88
37
37
88
42
41
37
37
46
37
36
37
37
36
38
37
8
38
37
39
8
76
37
38
37
148
37
4
38
38
195
38
17
37
18
37
37
10
37
47
37
40
37
37
54
43
37
37
45
38
38
37
38
38
36
54
199
93
38
46
37
42
38
38
38
38
37
38
178
38
36
122
38
38
36
38
38
38
38
38
38
36
56
199
38
38
37
38
171
38
187
38
37
38
38
44
45
37
37
40
39
149
135
82
10
184
94
39
39
42
38
34
42
39
15
42
39
0
52
39
69
185
42
39
38
39
39
42
159
122
40
38
39
184
39
42
38
169
39
39
42
37
42
168
39
40
42
42
43
39
5
45
39
134
58
42
39
40
40
43
40
40
169
40
15
88
36
40
10
40
0
157
167
16
99
109
16
64
43
199
88
16
40
40
40
42
122
40
42
40
39
199
40
40
135
40
152
58
41
37
8
43
190
130
5
41
9
115
9
41
18
16
106
16
181
105
41
41
1
8
192
37
0
37
22
2
41
41
177
37
39
5
37
181
116
39
84
35
39
91
188
41
24
41
10
41
39
3
39
42
42
3
187
21
188
40
42
148
58
40
40
187
42
3
184
45
36
42
55
40
64
10
42
48
42
163
40
42
199
42
175
42
42
52
40
99
159
38
11
40
42
39
122
42
99
42
9
33
39
37
8
39
141
39
40
43
37
152
52
40
41
36
42
62
43
185
36
11
0
163
37
137
152
38
43
3
43
38
43
39
45
43
43
36
38
43
188
38
24
10
43
42
188
39
10
43
37
37
44
37
44
10
37
36
44
44
135
38
182
44
44
44
1
44
44
44
38
36
44
44
38
189
18
44
44
44
44
199
44
44
44
44
39
174
44
44
44
44
44
44
45
44
44
44
44
44
44
1
45
45
187
16
45
45
45
184
45
38
45
45
188
45
45
45
188
45
45
45
33
38
7
11
45
187
38
36
45
44
16
45
45
45
37
93
191
83
199
45
38
45
44
45
45
45
45
45
45
15
14
23
17
14
46
18
46
0
46
46
7
46
185
199
55
46
6
55
0
149
46
14
7
46
46
46
46
14
10
48
0
46
9
46
3
46
46
14
7
46
77
14
7
46
0
14
66
88
46
46
47
0
47
58
47
31
47
185
47
47
47
47
47
27
47
58
179
181
28
34
23
47
190
31
7
47
181
0
47
58
7
31
0
47
29
69
35
181
47
47
47
35
66
47
47
47
31
17
156
30
48
131
48
56
130
55
129
18
35
33
52
50
48
35
48
48
66
83
171
55
31
48
48
57
55
12
14
48
51
48
10
55
190
48
189
35
55
48
55
48
81
57
9
49
61
48
55
9
66
48
56
121
49
58
55
49
50
49
52
131
122
17
52
194
49
49
57
60
49
49
20
49
9
53
49
53
48
118
54
9
50
173
34
35
55
33
111
105
194
194
27
34
0
55
54
49
29
51
174
49
55
50
48
50
48
35
196
55
56
56
35
50
50
51
50
50
151
50
50
50
58
54
50
49
49
50
50
76
49
49
29
57
50
38
49
50
50
27
50
50
57
50
107
55
57
35
49
69
50
50
49
33
48
52
35
53
30
194
12
51
58
48
51
3
53
47
51
4
51
25
195
51
48
28
51
48
51
9
194
56
51
86
48
51
51
33
6
51
37
33
56
51
194
34
50
52
48
34
35
91
52
52
52
181
52
24
52
52
52
52
52
52
52
52
56
52
52
52
52
52
69
52
52
55
52
76
52
52
52
52
35
66
52
52
52
163
185
33
53
52
52
173
52
52
185
52
52
52
107
52
33
52
53
100
52
53
53
194
53
27
27
54
48
53
173
49
111
57
171
34
53
34
163
67
53
198
57
56
27
74
53
52
53
93
26
33
163
27
53
53
53
164
49
53
195
53
100
53
53
26
58
54
54
54
35
57
54
12
54
190
55
58
54
54
54
58
54
54
54
54
35
183
47
55
93
55
10
17
55
54
130
54
54
178
54
28
54
55
43
54
102
163
48
54
27
58
55
54
15
54
55
55
55
54
55
55
114
55
55
23
55
9
55
106
88
55
55
55
55
55
55
55
55
55
55
55
55
3
55
123
132
55
55
55
27
167
54
55
55
67
55
46
55
49
84
55
121
38
55
55
28
54
55
27
29
27
56
56
48
56
56
56
10
51
55
56
58
12
56
56
55
40
56
56
56
56
35
55
49
60
56
47
48
55
21
3
57
54
53
173
56
56
56
55
47
52
57
34
56
197
57
34
57
57
0
57
57
30
50
57
53
119
67
52
54
49
57
197
57
57
57
197
163
57
57
57
52
51
51
48
48
20
57
48
6
57
40
57
57
129
57
49
54
34
57
57
57
51
173
55
58
58
52
58
58
58
47
54
0
106
58
58
58
58
9
58
58
58
58
130
58
58
58
58
20
135
20
58
58
58
58
55
58
58
34
58
0
58
0
58
58
58
58
58
58
58
58
58
58
49
88
98
59
141
193
59
93
156
59
130
88
83
186
59
184
59
75
140
178
125
24
59
98
59
59
59
59
123
169
191
123
59
36
59
126
92
59
185
18
181
107
59
163
59
184
137
59
26
59
93
127
60
60
60
129
60
105
74
139
60
156
48
60
54
90
82
0
77
60
129
60
60
60
83
60
60
77
60
168
60
85
60
60
60
60
60
77
60
105
119
72
60
0
60
60
59
60
60
60
60
61
88
61
61
98
61
61
82
196
82
126
61
61
61
93
146
143
93
126
59
188
78
76
61
61
142
176
126
126
125
126
126
61
61
126
126
82
61
163
38
146
61
173
18
152
142
126
61
61
93
169
17
62
62
44
79
90
123
108
134
135
100
106
112
130
135
76
62
14
106
138
79
156
169
73
129
62
135
62
185
17
112
90
90
85
90
62
62
62
140
163
41
30
144
190
62
41
106
174
127
155
60
127
82
63
9
151
90
67
0
24
138
189
107
63
96
84
160
12
63
90
63
63
151
0
80
18
17
138
63
63
121
63
151
134
106
86
100
63
87
67
170
137
63
21
155
133
106
18
165
65
108
95
170
0
127
129
140
0
126
144
127
64
55
30
173
69
64
64
92
188
64
185
157
158
99
40
64
64
136
79
122
42
81
5
36
160
174
76
139
138
145
185
113
104
181
98
116
8
147
72
64
65
82
97
175
93
65
97
105
73
199
5
147
65
65
136
149
97
88
128
121
87
17
49
65
111
123
127
99
59
111
140
64
65
60
163
121
48
167
129
100
65
65
93
65
128
105
59
100
170
50
66
63
73
49
94
196
164
115
116
66
197
66
66
66
102
66
66
111
152
54
66
162
170
170
66
66
66
165
127
66
197
57
189
66
67
40
49
66
67
137
71
66
66
197
178
66
66
194
138
134
11
67
76
73
67
84
55
67
72
55
85
67
22
168
112
67
67
7
111
129
106
67
72
135
168
77
142
164
189
55
97
171
75
67
117
88
87
17
142
14
67
75
142
140
172
67
122
62
163
68
93
68
83
118
68
68
99
82
171
131
68
94
9
141
131
135
59
68
93
112
155
60
148
60
106
93
28
17
136
68
151
68
176
31
138
171
163
68
68
139
68
37
17
89
143
68
163
188
69
122
98
55
69
69
69
69
171
104
26
121
101
69
109
69
132
69
184
69
27
156
193
143
173
75
142
69
69
197
84
77
179
99
69
180
102
160
159
69
145
18
98
85
35
69
84
10
81
88
70
95
94
70
70
70
70
70
27
133
127
70
94
94
70
155
94
133
70
94
70
70
70
70
94
94
94
94
133
70
70
70
94
70
94
94
77
70
96
70
133
96
116
140
95
48
133
70
70
87
71
71
173
197
71
71
106
71
71
101
71
101
198
71
71
199
122
108
137
71
157
197
173
71
11
76
71
71
100
195
71
173
71
71
157
74
195
194
71
71
11
173
71
198
71
80
71
102
173
194
137
72
83
69
72
122
72
72
83
184
130
77
32
130
24
72
72
135
180
169
163
142
72
172
130
97
13
128
117
148
72
99
136
72
72
180
47
130
90
166
189
130
130
72
86
72
136
80
155
90
112
135
73
88
17
46
135
62
135
135
73
135
112
138
63
0
72
103
73
111
76
169
136
73
40
135
135
159
164
135
73
140
111
62
130
169
121
135
73
73
15
135
21
59
73
135
62
126
190
163
99
74
74
74
77
74
77
74
74
24
156
74
163
74
27
171
180
148
188
171
74
74
171
74
158
178
88
74
171
26
51
27
58
54
74
175
144
158
112
74
74
52
173
34
74
25
156
5
74
55
164
90
75
94
119
75
151
75
119
111
157
75
139
168
65
1
104
157
83
75
153
121
75
194
123
75
190
47
156
139
36
174
37
51
123
11
155
5
159
155
71
138
84
173
64
139
173
75
190
163
42
122
34
95
199
170
63
128
66
41
136
80
91
112
76
9
52
173
76
86
151
76
76
112
127
96
38
76
76
178
65
76
55
101
129
76
76
11
16
129
64
55
11
12
78
109
21
55
44
173
77
77
167
123
105
60
156
42
131
130
24
106
159
77
189
130
64
150
56
88
55
168
65
189
48
100
28
60
24
77
87
0
119
191
112
58
79
27
131
135
169
151
117
122
165
159
83
105
77
179
78
12
78
146
78
89
195
151
78
167
165
78
87
78
78
117
127
169
114
78
78
78
167
78
78
78
78
127
76
14
78
78
67
78
78
78
126
67
155
57
190
78
78
151
78
78
9
78
89
78
88
121
138
135
62
107
127
72
186
105
127
10
43
79
138
79
79
40
90
100
142
79
135
52
79
95
149
79
76
93
6
47
79
44
111
122
79
40
39
11
114
109
136
90
132
24
135
169
168
173
179
15
158
135
151
32
72
147
172
70
80
136
136
151
156
163
195
184
187
72
177
17
2
136
79
172
151
157
165
92
139
137
11
38
0
88
52
127
80
67
17
40
140
72
55
79
17
174
193
149
133
137
81
96
87
69
22
81
94
149
81
81
81
81
81
81
81
81
81
81
123
81
133
81
81
81
81
185
88
81
81
96
81
81
81
49
81
81
81
133
59
143
81
81
81
81
81
81
81
81
189
149
127
82
82
82
82
190
93
93
82
191
82
82
82
18
41
82
190
113
14
92
5
60
65
82
82
82
135
135
185
82
97
116
90
191
18
18
24
82
62
65
136
93
82
82
93
167
3
126
18
90
119
28
83
83
189
72
64
150
126
136
163
65
0
83
83
83
127
67
193
18
159
159
77
163
83
83
186
123
0
83
55
163
83
24
48
163
99
160
182
83
83
77
83
24
0
83
126
67
54
84
16
188
101
129
119
55
13
50
118
84
66
164
84
57
84
49
164
95
137
147
67
100
84
199
84
84
49
84
84
124
49
137
111
25
137
137
163
12
84
84
54
114
137
170
148
58
107
54
144
13
190
60
85
131
85
105
168
152
165
134
85
158
85
90
169
50
85
60
152
12
134
85
134
169
119
169
0
33
90
88
112
62
105
67
73
23
105
55
134
127
149
112
119
63
78
169
85
10
87
86
168
100
86
128
86
86
127
169
86
59
128
140
86
127
90
193
92
78
92
65
60
59
87
135
167
65
129
141
163
86
128
167
127
86
67
87
86
138
86
86
72
128
86
80
135
167
72
86
142
87
87
100
87
31
87
127
142
87
87
160
68
92
87
87
94
87
87
87
18
87
87
64
116
117
71
87
40
153
151
179
70
174
164
87
87
87
131
147
88
135
146
193
132
67
121
69
169
88
42
148
88
88
133
0
88
5
176
10
104
188
15
37
88
119
147
5
10
78
88
58
121
153
159
3
40
122
88
95
18
167
88
88
88
115
19
59
88
55
103
161
20
19
88
22
88
11
8
199
80
89
3
67
89
89
98
97
89
181
135
88
67
69
126
142
0
100
122
89
190
191
100
100
113
160
89
89
162
34
89
20
190
89
89
135
127
67
187
89
89
195
170
190
151
97
67
188
64
112
175
63
184
90
184
90
112
90
90
90
90
112
59
90
90
90
90
13
112
186
90
29
48
134
150
149
85
190
149
90
14
90
90
90
93
132
77
90
90
185
90
184
90
93
90
90
189
90
163
90
19
91
136
91
111
91
195
91
91
34
88
126
70
34
91
91
78
14
15
91
91
34
68
52
93
91
126
91
91
91
165
7
50
91
91
77
91
91
91
196
48
17
54
88
138
91
67
185
91
91
23
149
92
9
175
55
24
97
142
94
4
92
86
92
151
62
81
165
130
185
59
92
141
127
17
126
137
59
52
146
92
78
92
55
149
92
168
97
62
188
99
121
129
157
92
92
150
92
92
55
87
191
185
93
93
17
98
14
129
48
93
93
93
93
93
178
93
93
190
93
93
97
138
17
93
93
136
98
184
93
140
176
0
24
93
93
93
180
190
191
190
93
93
16
59
93
169
139
179
190
94
70
188
94
70
94
94
94
70
94
70
94
94
153
94
94
94
70
94
70
70
94
164
94
153
94
94
70
70
94
121
153
70
94
94
94
127
94
153
70
32
121
94
55
94
94
94
94
70
153
165
95
95
153
157
132
95
95
88
33
173
101
71
173
95
51
78
98
88
0
164
111
95
198
95
95
122
95
22
71
146
101
149
18
145
194
95
166
157
168
95
168
88
95
112
95
71
95
10
197
185
165
96
96
96
198
96
197
197
148
170
197
89
47
197
170
154
170
96
157
194
198
96
194
157
96
121
195
96
79
170
35
157
127
170
197
18
67
96
178
81
96
96
96
96
94
96
84
157
198
163
97
163
93
87
116
185
18
146
133
93
69
121
147
115
151
97
84
67
97
134
97
69
138
97
147
147
160
166
97
97
97
144
0
191
121
55
188
89
122
97
97
167
151
97
75
17
147
174
100
10
61
18
98
98
135
98
98
142
98
98
98
160
48
151
98
99
48
98
141
174
140
98
142
138
176
147
98
113
82
49
98
171
98
98
69
93
174
93
49
97
98
174
136
98
100
192
98
98
98
88
99
156
106
82
131
87
99
83
99
147
58
104
99
60
179
99
18
168
168
149
142
16
144
163
95
116
174
136
147
99
99
157
163
136
119
99
88
175
99
131
193
159
163
170
188
99
24
15
68
163
163
77
163
67
193
122
75
131
58
110
121
130
140
0
31
9
24
25
23
141
100
92
136
127
100
68
141
159
63
105
136
100
139
100
109
117
163
26
136
100
100
58
131
122
174
187
138
100
100
170
101
124
66
101
103
132
132
163
195
101
101
101
132
101
101
137
20
95
88
101
173
130
198
101
101
165
148
95
132
101
101
101
101
44
101
101
101
101
194
166
71
101
101
122
22
36
40
198
132
95
17
129
102
119
160
102
109
13
4
197
102
129
156
129
83
188
102
98
19
13
102
102
78
49
135
102
197
102
90
113
102
102
173
127
163
6
12
99
102
102
102
157
123
65
102
102
102
76
75
103
103
103
103
103
103
103
103
116
103
103
103
164
103
103
103
103
103
103
10
103
103
121
9
103
103
146
129
173
103
103
98
103
103
103
103
103
103
103
103
103
103
4
96
103
55
35
133
146
103
104
191
192
117
174
190
104
193
190
186
104
168
24
63
104
190
28
191
191
187
174
104
161
122
13
182
104
104
192
156
191
156
0
193
190
182
12
40
87
174
193
174
192
104
31
190
47
6
174
90
27
54
55
105
27
50
112
105
169
173
55
170
169
106
33
105
175
120
35
168
88
105
163
105
77
79
105
33
27
193
52
167
165
163
67
82
111
121
79
105
82
31
127
169
53
42
35
134
139
169
106
37
17
84
54
53
99
106
138
172
58
69
106
136
55
9
77
193
33
32
106
28
24
119
32
119
47
17
196
59
106
59
106
112
77
106
86
55
38
106
127
24
160
55
0
132
116
174
143
55
107
83
88
107
107
107
164
77
107
107
107
121
107
174
156
107
59
107
111
107
142
107
194
107
107
116
107
107
107
36
107
107
107
166
107
107
107
97
55
107
107
107
107
107
107
107
111
107
149
107
108
95
65
108
108
100
22
87
108
108
108
49
20
108
108
76
128
59
103
4
108
108
18
108
108
108
108
65
19
108
121
108
148
108
108
65
127
108
197
108
108
108
135
126
108
108
198
115
108
196
109
109
172
40
9
109
109
36
143
186
88
163
40
99
121
56
156
88
99
172
130
24
187
85
83
159
109
168
185
85
108
109
109
130
109
179
141
163
113
109
99
122
111
129
128
109
88
27
24
25
156
110
99
87
130
151
193
167
76
152
184
193
110
110
24
38
63
110
184
87
67
70
110
151
135
69
90
130
144
87
173
131
132
170
130
72
151
59
130
110
138
87
110
113
172
45
127
138
189
135
163
129
111
111
111
111
82
111
111
164
88
111
111
114
65
86
127
163
163
147
111
111
111
111
111
167
111
156
111
111
28
111
116
164
111
111
24
111
111
111
111
111
158
111
129
111
11
84
111
173
112
112
123
112
93
18
112
71
82
176
112
82
129
112
105
112
84
36
188
9
112
163
112
104
77
105
101
111
90
112
105
134
105
191
93
112
163
119
112
125
149
112
109
158
45
60
127
149
134
112
185
113
0
67
15
113
83
14
59
139
42
180
100
151
106
113
76
113
113
73
126
138
86
26
130
113
142
36
5
183
76
113
110
113
138
138
113
187
190
113
122
113
178
112
135
77
186
31
188
159
165
66
130
18
152
114
108
111
164
114
90
168
114
135
55
114
37
17
114
88
189
90
87
114
94
119
59
118
86
114
107
100
135
130
115
114
88
104
114
118
164
60
42
114
24
164
163
111
95
55
59
115
46
115
115
131
194
115
115
32
115
115
115
115
133
115
82
82
115
36
115
115
95
115
115
170
145
115
81
115
148
115
115
148
115
198
145
115
115
115
115
115
115
189
115
115
166
115
115
93
77
138
87
139
116
102
116
116
55
116
197
94
70
60
116
115
133
105
156
116
150
121
104
159
191
116
81
94
70
18
135
18
166
94
116
125
133
88
133
81
116
116
194
94
145
173
166
198
122
94
155
89
117
40
117
117
155
123
14
42
117
117
155
15
93
136
88
173
117
117
117
117
172
107
155
179
88
142
111
88
148
117
98
117
117
155
117
110
122
144
155
79
184
117
155
181
37
117
132
117
95
118
118
170
194
118
197
163
118
118
132
118
118
118
152
185
76
168
118
139
17
118
118
118
114
132
118
137
44
118
17
118
118
118
118
101
118
118
118
118
118
118
118
164
196
101
171
163
118
118
9
18
57
5
167
47
119
127
55
10
121
111
144
112
29
119
131
155
161
119
172
119
88
119
130
25
92
60
119
14
86
128
60
174
112
27
58
119
126
84
119
111
105
9
82
164
119
95
95
84
171
100
173
163
169
120
58
99
79
90
168
168
120
74
128
184
88
159
125
112
169
58
100
176
156
26
122
113
120
95
179
122
144
120
120
14
96
90
50
106
52
76
105
131
148
74
143
24
57
189
70
94
121
121
70
121
121
70
165
121
121
121
145
114
121
133
121
121
121
121
97
111
121
133
166
121
133
121
98
130
92
121
157
121
133
121
145
121
194
162
121
121
181
121
121
94
148
194
121
121
195
89
88
122
159
40
141
130
88
26
91
147
122
106
122
33
11
88
122
122
127
0
64
108
122
11
36
42
122
118
142
179
100
52
132
15
122
48
26
83
129
154
88
69
88
27
14
6
11
13
123
123
63
123
106
158
163
156
180
163
54
135
123
57
136
68
172
63
75
18
60
150
125
176
30
123
116
55
99
99
155
168
163
180
100
76
138
140
123
75
123
141
77
97
180
163
12
127
123
55
137
39
124
113
137
137
124
95
124
163
124
173
165
137
124
124
124
124
101
135
124
124
61
95
124
124
124
165
118
124
113
146
122
198
95
137
124
124
108
124
124
124
124
124
124
83
173
124
137
195
74
175
40
95
119
125
60
65
157
138
59
88
88
125
83
199
188
99
163
106
174
88
159
88
55
88
106
44
83
123
125
65
144
88
171
146
141
125
8
60
17
118
60
77
59
125
163
59
163
123
108
88
98
165
126
126
129
87
10
126
126
142
126
58
33
126
126
126
126
131
126
59
169
126
126
126
126
72
157
126
168
5
65
113
190
126
89
105
17
126
193
126
116
16
126
126
169
162
126
126
56
127
127
82
127
59
127
140
96
121
127
127
138
127
128
148
60
59
127
108
127
129
149
139
121
138
105
141
155
193
84
21
127
128
127
151
127
127
127
127
140
76
148
64
130
128
21
67
88
127
100
176
151
140
113
86
128
149
167
86
128
108
167
75
106
171
163
86
128
122
128
48
167
140
176
55
167
27
60
128
167
17
127
151
59
128
168
112
135
128
65
167
128
73
140
155
169
128
140
128
178
93
129
96
3
58
103
129
197
66
129
129
129
129
123
105
168
81
129
129
198
129
184
129
64
76
152
170
96
86
129
129
129
129
198
167
118
129
129
129
129
102
129
129
129
11
176
111
129
129
132
130
130
0
130
181
149
48
11
24
86
130
160
130
72
193
83
18
73
130
104
15
130
112
130
141
137
136
24
173
141
130
65
130
121
90
130
198
130
130
138
89
130
0
113
172
23
75
141
181
138
63
175
139
179
82
64
168
63
89
55
64
163
10
131
138
147
148
122
77
185
49
76
113
138
77
175
130
132
139
24
79
65
67
99
76
100
97
69
151
163
137
106
142
34
106
99
141
167
131
90
95
118
77
101
17
132
170
132
79
132
54
163
101
132
128
173
154
122
95
22
76
48
101
132
132
122
95
7
78
152
101
129
48
71
132
7
163
113
132
127
58
88
102
101
99
130
40
129
148
133
116
70
133
133
121
93
121
121
133
133
133
133
127
121
121
133
121
133
166
133
133
164
59
70
153
121
133
133
133
133
133
116
133
153
133
133
133
130
94
133
133
121
133
133
133
133
70
116
133
102
134
189
48
134
123
157
192
149
85
59
62
19
134
62
112
134
99
62
134
6
134
112
190
134
134
173
93
77
85
40
149
5
5
148
134
12
134
134
62
118
165
14
176
134
134
134
93
134
188
188
135
135
195
142
130
187
85
73
135
135
189
62
186
135
184
178
130
48
113
73
90
126
130
163
156
145
135
128
59
176
63
187
90
135
36
121
167
26
130
135
82
187
9
135
119
110
159
130
90
143
184
18
136
136
188
131
136
153
121
131
136
56
55
30
136
58
199
88
163
111
138
88
136
136
64
136
27
136
92
24
12
136
42
173
136
136
136
136
93
130
175
136
130
88
156
161
142
182
123
194
59
137
92
96
137
60
93
137
137
148
12
197
0
137
137
20
137
137
0
49
137
122
137
94
106
132
143
137
137
148
159
137
167
137
133
88
137
148
137
122
58
64
137
179
197
95
137
71
122
151
106
60
128
76
163
60
138
138
58
86
95
60
100
69
163
138
193
138
161
11
141
65
48
135
184
59
65
130
184
113
21
73
122
159
73
138
90
65
108
168
69
163
106
132
11
176
48
130
148
185
194
55
55
159
130
17
139
60
59
139
137
125
106
176
99
11
195
11
139
111
88
139
144
133
137
79
10
167
138
139
96
130
69
139
84
138
37
123
32
55
88
132
182
5
99
157
149
139
144
121
140
83
65
167
89
142
127
151
140
106
59
176
140
13
83
77
140
140
141
140
59
86
22
151
79
140
140
167
148
140
167
83
93
140
102
86
131
140
77
121
128
140
174
142
140
140
140
140
161
141
48
161
116
130
141
193
141
141
59
92
59
130
100
141
127
59
73
189
60
122
149
69
141
88
141
59
88
69
151
140
127
79
167
51
42
141
36
88
69
181
141
47
86
13
141
141
99
144
30
55
142
53
142
142
106
142
10
98
157
142
111
189
65
113
111
142
135
139
142
136
142
121
144
126
155
111
140
142
98
136
64
167
142
167
130
142
17
142
142
7
142
176
111
142
142
142
151
3
15
143
76
143
143
55
143
184
163
143
77
143
143
77
143
143
143
143
143
143
143
143
143
143
48
11
143
112
143
143
143
88
45
11
143
143
143
143
143
143
143
118
163
198
118
143
163
143
161
179
55
144
136
139
19
83
95
62
26
144
122
85
181
159
193
144
142
116
163
92
163
144
144
99
52
144
88
135
54
160
135
117
139
15
139
75
114
174
89
199
144
193
144
32
144
144
184
156
149
184
175
145
145
70
145
145
145
145
145
166
145
133
124
164
0
145
145
154
145
145
145
145
145
145
59
133
133
59
121
145
145
145
145
121
188
145
176
145
145
145
145
177
153
155
145
145
133
102
145
121
145
87
163
158
146
176
146
133
93
176
168
111
65
146
146
146
146
146
146
88
146
167
127
146
146
167
133
60
113
171
146
71
146
164
146
59
86
146
66
167
59
59
121
92
82
121
59
184
129
86
103
76
76
123
147
87
55
147
151
122
142
163
147
93
98
137
97
87
147
97
171
164
165
40
65
135
147
174
42
142
97
97
147
152
84
69
147
89
84
97
88
67
140
97
135
70
70
193
58
59
86
148
165
148
22
27
148
158
40
148
100
198
123
148
148
51
60
148
39
20
148
148
148
87
139
148
41
23
148
23
4
55
24
58
148
47
148
196
148
27
54
23
31
13
198
122
69
148
196
148
148
149
149
149
38
40
149
149
149
90
149
149
135
79
180
149
178
8
47
8
169
127
149
168
189
149
135
85
149
149
149
85
93
134
62
134
128
64
141
18
149
67
149
149
97
123
122
90
88
16
16
139
80
190
127
112
150
123
191
90
185
141
130
174
65
150
44
130
150
150
150
60
150
127
87
193
150
134
100
150
150
180
24
58
175
173
150
60
129
189
169
60
162
19
60
150
150
60
80
123
168
69
142
76
169
149
151
69
78
151
113
134
140
163
89
151
151
83
79
72
130
80
141
151
142
151
75
72
71
151
151
55
170
151
141
141
135
160
104
151
34
117
140
151
129
151
60
97
151
96
151
14
152
38
18
152
152
152
152
46
19
152
196
152
152
46
152
40
164
194
152
152
195
5
152
8
127
152
152
152
152
152
91
199
36
152
9
152
37
42
39
46
9
152
196
43
152
155
152
31
195
70
153
87
94
153
153
153
107
17
188
90
108
153
94
153
133
70
94
92
133
70
94
145
145
133
153
164
70
153
18
92
70
153
145
153
145
49
153
94
153
70
133
70
153
94
94
81
19
153
70
154
63
124
137
10
164
95
10
173
165
40
154
153
152
91
157
157
103
133
95
197
162
170
109
154
40
154
173
96
157
126
95
194
198
66
154
198
59
154
165
154
127
167
194
88
95
198
195
127
70
58
155
155
117
110
155
13
155
155
193
139
149
155
151
155
148
155
110
47
155
155
141
17
155
47
60
75
190
155
130
3
67
181
42
106
141
184
141
155
88
155
111
155
155
135
100
37
4
155
139
90
123
156
112
77
55
169
193
3
106
69
163
119
122
60
33
77
156
77
31
88
188
69
100
30
119
181
77
156
160
113
9
113
48
186
156
156
156
36
77
156
87
123
106
24
32
156
56
156
156
195
157
157
157
117
157
157
84
53
157
173
71
157
157
194
48
168
194
194
164
173
195
113
157
119
157
198
66
157
12
168
170
81
151
157
137
197
157
165
59
152
116
197
78
170
157
76
157
102
170
122
168
111
24
17
158
60
158
11
25
17
131
49
93
139
27
59
35
160
65
158
171
131
163
158
112
74
60
119
163
25
64
158
148
62
52
77
158
67
63
0
131
158
158
106
158
158
117
95
134
185
180
0
99
27
59
0
88
90
40
10
16
152
186
122
59
159
150
163
90
12
5
16
173
132
163
20
31
159
163
0
100
48
122
35
7
193
149
159
189
99
168
49
65
67
125
5
163
109
31
83
84
31
188
190
84
89
72
184
41
160
160
7
11
178
160
167
160
140
117
160
110
17
160
160
2
137
193
189
6
192
160
160
17
87
44
11
160
172
109
139
63
160
139
160
134
106
179
179
17
34
195
13
141
161
161
147
190
138
77
55
139
54
31
134
159
11
191
161
161
5
188
56
52
48
130
161
47
161
25
26
14
112
185
55
161
26
26
55
47
14
47
27
17
185
161
161
158
189
26
194
162
82
162
27
102
50
5
162
88
173
61
162
185
162
162
158
78
81
129
162
67
197
162
46
170
170
14
66
119
4
66
162
35
149
96
46
93
91
194
66
162
162
9
162
162
49
173
88
100
173
55
38
82
163
133
163
138
163
130
163
163
163
163
163
163
149
163
163
64
163
123
163
163
42
163
99
65
24
163
88
112
163
163
163
163
129
193
163
163
135
163
163
163
163
130
163
163
163
163
18
95
164
163
198
129
164
164
107
164
49
164
139
111
164
107
164
49
164
164
121
35
164
164
164
119
164
114
164
164
164
119
165
36
47
165
34
128
99
164
164
111
17
164
164
84
60
164
111
164
66
165
165
87
165
165
127
129
165
165
165
72
170
121
165
126
165
165
165
165
124
165
62
165
165
165
165
96
165
127
128
121
95
173
165
95
142
79
165
165
165
165
30
165
165
165
76
170
165
66
166
166
118
166
145
166
166
166
166
166
166
146
166
166
145
166
166
166
166
166
95
165
166
166
166
166
166
166
166
133
166
108
166
166
166
166
166
166
166
166
166
166
166
166
166
127
92
166
82
128
167
167
167
81
167
167
148
167
95
156
167
59
140
128
172
151
55
146
167
86
128
167
72
167
167
154
65
146
163
129
132
163
167
68
167
85
167
147
167
139
82
64
167
167
167
113
167
96
125
167
130
152
111
127
148
111
111
164
60
114
130
77
199
164
88
80
26
79
94
197
118
102
72
43
93
69
66
74
58
79
196
94
92
84
189
116
47
42
168
75
122
77
143
113
48
150
173
139
197
59
148
126
188
113
112
77
169
169
169
169
63
19
174
167
45
169
169
124
69
169
179
169
82
105
18
169
180
169
179
105
108
125
160
112
130
169
169
82
119
72
169
136
69
112
26
112
68
135
112
65
96
163
170
170
170
170
170
51
157
53
170
170
194
170
161
189
170
170
157
55
170
170
165
184
165
170
170
170
170
170
170
66
194
33
170
170
170
170
95
165
170
82
170
157
76
96
118
170
170
133
76
11
171
163
161
92
99
171
169
83
188
171
159
122
20
164
132
59
72
171
68
171
171
171
111
143
95
68
74
111
118
171
163
68
111
171
120
171
171
103
118
171
163
68
171
176
26
68
171
171
106
83
130
100
172
135
24
163
151
111
168
83
0
160
27
173
127
81
140
111
119
87
160
172
76
117
135
129
160
141
155
160
33
185
147
172
147
143
23
109
0
55
172
172
194
160
147
135
127
172
129
67
156
173
127
84
50
173
173
173
119
101
173
157
197
9
173
173
173
173
71
173
173
173
173
67
173
154
163
137
173
54
129
173
173
173
173
173
173
106
173
173
173
173
173
173
184
173
173
173
174
23
86
190
174
104
25
174
179
190
174
167
177
104
104
98
191
17
153
191
174
178
178
190
174
191
174
174
67
104
104
174
178
77
174
104
182
177
113
104
155
179
190
178
181
174
174
104
178
16
10
193
182
26
147
69
91
15
199
178
193
99
192
0
191
88
99
24
86
192
10
90
163
123
19
174
99
76
190
193
176
69
109
179
130
184
123
40
105
147
88
31
131
136
104
175
180
100
94
18
176
176
176
176
176
176
176
176
63
176
89
90
176
176
176
176
100
176
181
176
176
178
176
176
176
176
59
9
108
176
90
176
93
99
176
93
176
176
176
82
176
44
73
60
176
2
176
134
147
82
178
47
177
177
83
177
41
177
18
177
178
177
192
177
199
177
182
177
191
178
135
174
37
177
177
193
182
177
177
181
83
177
179
2
177
130
190
192
191
193
178
15
184
177
177
104
178
177
182
5
16
193
178
177
36
169
178
182
178
187
192
178
178
46
182
178
178
182
178
178
192
178
178
178
190
178
190
182
178
174
192
184
178
178
188
182
178
178
178
178
178
161
178
178
182
178
188
178
188
47
193
184
179
168
77
199
74
182
174
72
181
179
177
83
179
13
141
179
184
31
177
190
179
54
179
18
179
87
179
28
130
181
179
188
179
184
190
179
179
189
163
161
182
0
185
179
59
131
190
31
180
135
74
189
60
80
138
189
0
123
144
180
75
77
148
168
168
193
112
147
67
163
5
69
168
130
123
180
26
58
113
159
189
134
163
62
139
180
80
10
114
150
134
58
99
48
123
193
135
184
179
181
136
135
181
189
187
181
190
181
163
181
177
24
181
58
18
152
177
55
181
58
158
181
14
181
104
179
192
181
163
104
3
37
30
188
24
190
59
160
181
17
175
181
121
135
181
181
181
181
192
117
178
179
184
25
192
64
182
188
177
192
192
190
177
106
182
182
181
178
192
55
188
182
92
182
7
193
193
193
188
59
182
39
192
182
130
190
192
184
142
185
33
16
190
182
192
179
182
182
183
185
48
31
190
183
177
182
183
14
46
196
178
199
183
183
183
93
58
189
3
39
104
179
182
38
183
183
59
183
183
183
199
14
182
183
182
188
183
183
179
150
160
192
196
192
193
178
178
42
42
184
184
184
184
14
40
184
187
0
184
184
184
199
189
184
38
184
184
187
42
184
184
184
184
191
184
184
184
160
36
184
184
131
39
184
169
121
36
184
184
135
184
184
184
184
184
184
189
187
190
58
124
185
185
66
14
185
12
18
10
185
185
185
55
185
185
185
185
149
173
10
191
76
185
46
185
185
185
185
129
185
185
185
185
185
0
40
185
185
185
185
185
185
134
122
185
9
185
58
186
186
186
0
187
0
185
188
14
186
186
184
186
186
192
187
186
189
186
180
0
135
186
187
186
188
0
179
184
190
18
186
186
181
187
186
186
191
76
186
13
199
187
193
122
186
187
186
10
187
186
130
187
45
184
184
187
187
184
188
187
192
2
160
187
187
181
187
193
186
187
183
187
188
80
190
188
184
187
156
188
199
15
199
184
39
187
184
187
178
192
187
187
187
187
187
99
193
187
193
190
188
184
47
83
188
99
188
187
69
188
188
184
188
18
188
185
7
188
187
122
187
177
16
188
38
169
99
49
186
180
122
184
188
42
188
88
16
193
188
184
93
16
193
187
188
191
187
169
76
189
115
109
189
189
189
189
38
184
189
184
189
189
189
189
149
189
59
189
189
184
189
0
189
16
189
189
189
189
69
199
130
189
189
189
189
184
177
189
189
189
184
15
189
189
189
185
24
189
187
190
190
190
18
190
191
189
190
190
190
178
38
190
190
182
177
15
67
190
190
190
16
190
175
190
59
63
177
161
174
190
191
144
177
190
179
182
190
26
190
190
191
104
199
160
190
177
177
190
142
174
191
191
192
191
18
191
191
178
191
192
191
191
190
190
189
191
191
189
191
177
191
192
60
192
191
191
191
191
189
191
191
192
191
191
191
191
191
191
191
104
191
190
191
191
191
191
191
191
17
175
177
193
177
192
192
69
190
192
188
89
192
181
182
182
192
192
192
182
190
192
192
191
192
192
182
190
190
192
192
193
192
192
192
0
182
191
179
191
83
192
192
192
181
46
0
192
190
175
62
130
193
193
193
193
136
193
193
193
193
193
193
193
59
193
109
193
193
193
193
193
193
193
193
178
130
193
193
136
130
137
193
130
193
97
186
193
22
193
193
178
193
193
193
182
193
193
77
193
193
194
165
37
23
170
194
96
194
194
194
194
71
56
194
198
96
194
5
194
194
194
114
194
194
194
95
194
194
84
194
194
147
194
194
194
195
22
170
194
102
96
76
194
194
194
194
111
173
13
194
10
170
135
148
195
178
195
56
198
96
46
64
195
195
9
194
0
197
162
195
55
194
194
197
195
195
157
152
195
101
104
198
195
198
194
198
126
195
195
195
195
190
63
194
14
197
53
195
195
194
194
148
196
196
196
196
14
196
93
196
16
55
14
14
14
196
196
93
14
196
195
31
196
17
196
14
17
196
14
196
196
0
14
196
148
14
33
196
194
196
196
17
14
148
40
196
7
119
14
14
194
121
198
146
23
198
197
23
197
154
197
132
197
197
148
122
197
197
197
172
173
194
165
197
197
197
198
157
170
195
197
197
80
30
197
2
158
170
51
168
69
27
158
41
2
197
95
102
198
139
102
157
71
158
157
197
198
194
198
0
14
195
197
195
147
96
170
198
198
197
198
197
197
198
195
198
198
95
154
195
0
165
102
198
198
79
78
197
108
198
198
96
198
27
198
198
96
198
198
197
58
93
42
199
16
199
67
199
3
10
199
199
76
5
199
55
199
36
88
88
185
90
15
199
18
15
36
184
17
178
199
199
168
199
199
199
181
199
59
52
185
184
47
155
36
15
199
88
43
36
