0
0
0
0
0
0
0
0
0
0
0
0
0
0
13
185
0
0
0
76
17
41
42
0
0
0
0
0
0
186
0
48
0
0
0
25
0
0
0
0
0
0
0
0
38
0
0
31
0
36
9
1
20
1
5
1
91
19
1
1
153
1
1
1
104
3
1
1
1
1
152
49
198
1
17
1
1
7
3
1
1
1
1
8
11
95
45
1
5
1
1
43
88
5
8
88
1
1
44
5
16
2
2
3
4
199
9
2
129
2
37
194
2
47
43
183
194
2
3
4
3
2
5
39
2
38
39
3
14
39
39
199
18
2
32
129
152
2
2
199
3
4
4
196
2
39
52
6
4
2
48
3
3
28
5
5
6
3
9
39
172
183
4
11
3
5
3
5
30
3
91
3
3
4
3
6
3
39
104
3
48
3
5
9
36
32
91
189
3
192
2
3
3
39
162
2
0
40
16
56
152
116
52
4
78
4
22
4
2
11
8
4
49
162
4
196
4
4
4
96
4
4
4
4
4
3
4
2
23
104
102
4
4
34
4
4
115
4
4
78
127
4
4
37
64
180
4
11
4
4
3
5
185
7
77
5
136
5
44
57
12
52
5
85
5
5
194
119
73
3
136
5
5
11
9
164
5
32
3
34
16
48
137
196
9
139
4
43
7
7
52
19
3
2
41
18
5
40
76
5
32
149
6
6
72
6
6
6
104
6
162
6
190
6
6
6
78
6
6
195
6
6
6
6
6
6
10
6
6
6
6
6
168
6
6
147
11
6
183
119
6
6
6
85
53
2
6
6
85
6
8
7
7
7
16
10
181
7
91
9
162
4
113
91
7
7
3
8
3
41
7
5
29
9
142
3
8
41
32
3
164
10
7
142
52
7
181
7
9
10
136
4
3
7
7
42
23
41
7
7
8
38
8
8
8
8
8
8
8
69
8
122
8
10
9
8
8
8
8
8
8
3
8
37
72
8
8
108
9
8
8
37
52
8
122
8
8
11
8
8
5
8
8
95
8
8
8
8
8
8
9
96
52
9
9
9
8
9
152
9
1
8
9
4
3
195
31
39
51
46
9
17
195
9
5
75
17
9
9
9
9
156
51
52
52
163
9
5
7
9
7
48
91
9
76
9
3
18
185
176
43
152
10
150
10
10
10
10
39
41
40
1
7
188
10
162
10
11
10
0
174
10
141
16
58
5
19
179
122
152
44
91
7
5
44
10
5
10
177
46
43
37
130
10
122
10
139
40
10
3
11
11
22
48
11
20
11
52
11
72
78
91
11
22
6
48
21
11
11
52
124
11
4
11
137
11
11
11
20
91
20
11
48
11
168
52
11
11
134
75
11
11
11
116
11
74
11
139
172
185
12
55
12
12
12
134
12
54
12
20
3
2
12
56
24
12
12
48
32
12
119
56
12
12
31
54
121
24
124
12
12
15
12
199
24
12
12
54
12
32
12
136
12
119
28
34
54
88
136
33
13
91
92
13
152
13
13
13
13
148
188
4
13
23
13
20
23
13
72
23
13
195
13
23
196
87
13
13
92
13
152
23
13
6
23
13
13
13
13
13
23
148
92
148
13
23
13
13
13
13
88
14
14
14
14
14
14
196
14
34
196
14
195
6
14
14
14
3
148
196
46
14
14
188
174
196
14
14
14
23
14
14
14
14
5
14
14
78
85
14
14
14
14
3
14
196
14
14
14
14
15
144
175
15
136
15
185
160
11
41
156
52
16
39
4
15
5
87
16
199
191
179
39
7
3
158
199
11
23
185
38
150
15
139
4
15
99
2
16
185
42
41
43
39
43
199
15
39
47
43
10
91
39
122
10
16
36
150
16
4
140
194
40
42
179
16
16
20
16
10
17
130
185
39
192
38
41
3
131
16
16
188
4
19
185
191
17
10
6
17
5
110
15
198
11
185
55
185
40
23
17
1
3
4
23
46
58
17
17
46
14
17
17
17
15
16
17
17
17
19
9
17
0
45
17
19
19
196
17
17
17
17
17
17
185
161
137
17
185
185
152
22
17
17
108
185
17
17
17
17
191
190
41
150
106
18
82
132
107
174
190
181
32
18
18
138
18
189
115
59
87
18
18
18
18
82
58
18
18
83
5
18
69
130
82
18
18
158
13
125
0
120
180
18
174
132
106
24
5
5
19
91
9
19
9
182
19
10
162
19
5
19
93
194
2
191
19
40
19
190
41
73
19
39
91
14
19
12
39
9
19
195
19
162
4
4
114
192
194
9
41
194
46
64
20
39
6
115
19
19
11
22
45
20
20
20
11
39
20
52
20
20
11
137
75
4
11
20
55
11
152
125
52
20
11
114
22
75
11
43
20
20
52
20
20
11
22
76
20
20
20
55
15
20
8
20
20
114
122
20
21
35
21
148
28
21
21
63
21
198
23
21
49
188
131
21
194
75
21
21
63
21
21
87
57
21
125
21
105
21
21
21
21
21
21
22
49
21
11
21
136
21
141
48
11
21
21
21
21
21
33
22
21
21
22
22
22
22
20
22
22
22
22
22
22
99
22
22
88
22
22
96
22
22
22
148
22
75
132
11
11
22
22
141
11
22
95
22
20
22
48
22
22
33
22
22
148
22
22
22
23
23
23
23
23
81
23
23
23
23
23
23
31
23
23
23
23
23
23
148
23
23
23
23
23
23
23
23
23
23
23
22
22
42
23
42
23
101
48
23
23
23
23
23
22
23
23
23
23
23
48
24
24
33
24
158
32
31
24
24
31
106
24
142
24
131
24
41
28
31
176
106
28
34
24
120
24
28
32
31
48
24
52
26
75
9
31
69
24
24
104
20
127
138
24
156
11
18
28
129
28
25
161
25
41
25
25
56
25
25
25
176
24
136
25
105
25
32
67
31
25
25
24
120
25
31
25
24
28
25
25
25
28
25
12
33
25
25
17
25
25
24
24
32
25
24
24
31
24
162
34
34
47
26
158
28
25
69
58
48
34
31
169
29
28
5
75
53
28
31
25
25
34
26
25
26
25
125
35
24
26
34
158
33
24
26
34
32
181
9
34
11
56
172
24
4
31
158
49
28
75
48
53
84
24
48
48
67
105
158
198
24
27
11
105
33
28
24
117
28
32
34
55
150
27
92
146
41
50
75
21
58
22
119
24
55
22
29
32
28
141
56
55
26
110
28
25
24
25
24
24
20
116
53
24
181
76
28
28
28
105
181
20
68
28
28
114
28
158
11
28
28
57
114
28
28
88
114
176
28
32
24
24
28
181
136
28
48
91
28
28
28
34
28
28
28
28
28
52
28
24
62
38
75
11
29
105
21
158
24
3
166
147
25
11
100
29
27
11
24
50
58
11
26
73
48
3
25
31
142
32
55
48
29
105
106
11
56
54
29
32
25
48
164
48
49
29
152
34
11
30
32
139
5
142
51
24
30
149
106
32
125
140
30
5
24
28
30
55
32
32
30
31
30
150
32
150
32
30
5
150
31
30
32
172
32
9
142
3
5
3
32
7
119
91
32
141
28
30
78
25
31
32
31
31
31
11
31
134
31
32
90
31
31
129
106
172
91
31
151
25
31
47
53
31
69
69
9
31
32
31
25
31
31
31
31
31
31
17
31
80
31
21
32
31
31
47
31
31
29
32
32
25
10
85
86
32
4
151
174
32
29
86
30
141
32
25
28
4
32
32
4
53
16
172
55
32
161
32
33
91
39
74
174
140
31
150
125
32
88
172
127
30
28
32
11
136
32
142
24
136
33
3
48
25
33
34
34
51
34
51
74
46
32
118
33
33
91
34
162
91
32
28
33
24
9
152
4
91
54
34
33
35
33
48
11
5
91
33
33
26
5
23
91
34
194
32
195
33
33
34
34
31
34
52
34
6
34
34
34
33
152
34
35
34
91
34
34
34
34
34
34
35
34
49
34
28
3
34
39
30
34
34
32
195
34
33
52
52
34
24
91
52
31
34
33
34
34
34
7
35
35
30
147
15
35
35
34
50
55
141
11
122
56
35
35
35
55
25
54
35
35
51
158
91
54
35
35
58
53
57
25
48
35
25
165
34
35
183
162
34
34
50
54
48
105
48
54
136
35
25
36
36
36
36
36
36
36
36
38
38
38
36
38
36
122
42
36
36
36
43
36
36
36
75
36
184
36
106
36
36
194
36
36
36
43
115
38
36
184
38
36
43
36
41
36
11
38
36
36
7
3
8
39
37
28
42
41
75
37
37
37
37
37
37
43
16
37
38
38
37
95
8
17
37
43
8
184
8
4
38
39
194
38
38
37
174
8
37
8
75
185
37
42
9
41
9
43
37
8
45
45
38
38
38
38
44
7
38
38
38
75
38
25
38
38
45
38
37
38
17
38
36
88
38
38
43
38
44
38
38
38
38
38
5
149
38
38
44
38
28
38
45
38
38
38
39
44
45
38
39
8
39
149
20
180
3
40
39
39
39
188
38
3
3
39
15
42
39
42
5
39
4
42
152
39
39
39
39
39
4
40
39
39
73
42
39
42
95
39
39
39
40
39
39
188
39
39
39
43
43
39
10
45
39
74
99
42
39
40
40
43
92
40
39
10
42
195
38
40
31
43
92
40
40
125
40
109
186
10
152
139
88
39
40
40
40
42
52
40
188
4
39
152
40
40
42
40
118
199
8
8
8
41
41
179
5
41
8
115
162
41
104
41
175
16
15
105
41
41
37
8
182
37
182
41
198
1
41
41
35
37
85
9
41
177
97
39
50
8
39
9
5
41
38
41
10
3
39
18
42
42
39
39
43
75
42
40
42
5
3
39
42
42
42
45
42
184
160
42
33
39
40
42
42
3
42
42
40
42
39
42
122
42
39
11
40
40
141
38
42
42
42
42
42
155
99
42
39
152
39
37
20
39
129
43
40
43
43
8
43
43
41
39
42
78
43
43
16
11
13
20
42
127
152
43
43
5
38
43
185
42
45
43
43
39
8
43
199
43
163
40
43
38
109
42
40
43
44
16
44
36
44
5
44
44
44
44
44
176
18
44
44
38
44
44
44
44
76
95
44
44
44
44
18
44
44
52
44
15
44
44
44
44
39
38
44
44
44
152
44
44
174
44
44
44
101
44
44
139
150
45
188
39
45
45
45
184
45
76
45
45
45
45
45
45
188
45
45
45
142
38
181
45
45
187
45
43
45
45
187
45
45
45
45
176
10
45
45
45
38
187
176
45
45
45
45
45
45
45
46
148
46
46
46
18
3
46
46
4
22
48
17
42
75
34
6
195
46
149
16
195
48
46
32
46
46
14
16
69
0
46
14
4
10
199
196
46
46
46
77
14
7
4
148
183
19
19
91
46
31
31
21
54
47
31
47
47
47
47
32
47
47
54
47
141
65
161
28
3
23
161
6
31
18
47
190
25
47
58
48
31
138
181
185
11
30
47
48
69
47
6
6
69
47
129
24
17
156
25
48
28
57
183
180
55
129
158
34
164
52
50
48
29
57
53
50
54
114
57
31
11
48
57
162
22
91
48
48
48
28
14
91
48
160
53
92
48
55
48
29
57
4
50
151
48
57
91
66
32
21
164
162
106
55
49
54
50
33
49
22
120
52
198
49
48
57
105
50
49
20
164
34
53
49
49
49
118
54
91
35
173
34
48
55
34
65
158
194
194
141
52
164
55
54
49
136
34
174
49
50
50
48
50
48
35
196
48
50
57
50
50
32
57
50
50
110
50
50
50
50
50
50
50
50
50
48
20
53
50
29
57
50
122
50
48
50
30
50
50
164
57
50
57
50
50
50
48
50
50
52
33
48
52
35
53
24
129
55
165
12
48
32
91
52
158
51
4
75
28
195
58
53
24
51
3
51
75
198
56
91
128
48
51
51
28
8
33
4
51
4
51
194
51
52
57
51
51
53
91
52
52
52
47
52
24
52
52
28
52
52
52
91
52
76
52
52
52
52
52
69
11
52
57
52
185
52
52
52
52
74
52
52
52
52
74
52
33
198
52
52
194
52
52
76
52
52
34
50
52
33
195
52
138
57
53
53
171
53
53
105
53
158
53
71
53
76
53
101
22
53
34
164
91
105
198
57
33
114
34
53
7
53
142
53
34
143
150
53
52
53
107
53
57
198
53
158
53
53
53
54
54
54
54
54
57
54
25
54
162
55
190
54
51
32
54
82
136
53
54
54
42
47
23
48
56
195
54
57
54
24
58
74
48
34
74
55
55
21
54
81
90
55
54
25
48
55
54
32
54
55
55
28
55
174
55
114
55
155
141
55
28
55
125
155
4
55
56
55
55
55
50
55
75
55
55
55
194
33
156
167
55
55
105
106
65
158
55
55
65
174
46
55
50
122
55
128
38
55
75
34
148
55
32
158
56
57
56
11
22
105
56
54
57
119
56
55
12
28
56
136
10
56
34
11
48
57
55
29
118
12
29
48
55
56
33
57
35
35
173
29
56
56
35
47
34
29
34
28
166
57
48
57
50
198
57
57
195
57
57
57
53
158
52
54
108
57
197
57
57
53
91
82
57
57
57
125
57
53
57
48
57
57
57
57
57
40
57
57
129
57
165
54
52
57
57
57
57
66
57
111
24
58
12
54
58
12
34
58
4
54
58
58
12
33
58
58
58
58
120
58
58
12
58
20
28
20
24
54
58
58
55
58
58
58
58
0
119
47
58
3
58
174
58
58
11
58
58
58
54
142
126
59
168
181
59
97
106
126
109
88
83
186
158
186
59
180
140
188
96
28
59
98
88
59
59
59
181
126
191
158
59
76
128
140
65
64
129
62
180
111
59
128
59
59
147
59
150
59
82
138
63
60
99
167
60
60
120
100
60
75
28
143
54
109
60
60
60
60
82
60
55
60
99
168
60
100
77
155
60
60
60
60
60
106
60
24
60
60
105
126
60
120
60
60
125
60
60
60
60
61
119
126
61
98
61
98
61
199
82
126
61
61
125
126
146
146
126
126
176
145
78
147
61
126
142
82
91
126
61
126
61
61
61
126
61
102
126
97
163
146
126
61
97
61
61
126
61
61
93
90
17
62
62
149
134
149
136
90
134
110
158
176
62
134
135
76
62
14
140
89
158
110
142
73
135
63
85
62
185
62
62
134
149
85
90
62
78
62
169
28
85
140
144
190
142
62
120
63
151
106
100
63
102
63
38
63
63
63
63
120
63
89
107
63
96
149
90
85
110
62
63
63
138
99
63
18
14
127
63
155
63
63
92
149
63
60
67
63
92
103
170
138
11
63
122
87
173
181
165
158
126
125
129
149
136
128
140
64
149
77
155
64
102
103
129
110
64
138
92
149
125
85
99
28
92
92
78
64
136
96
79
11
81
5
36
160
87
114
71
20
145
48
76
125
140
126
165
20
140
135
165
65
150
171
5
59
172
167
68
97
142
119
140
167
65
136
134
93
128
140
65
87
171
65
85
65
156
127
68
59
174
140
167
65
171
98
65
48
167
142
65
125
129
65
68
128
74
146
180
50
50
44
101
164
49
66
196
164
66
87
66
102
66
53
66
124
66
66
119
62
9
170
165
198
164
66
170
66
154
129
66
170
66
174
66
128
67
57
66
63
165
66
66
66
129
114
57
55
154
124
134
102
67
67
67
67
198
106
63
135
152
50
89
80
62
63
160
67
179
147
100
99
80
167
85
67
21
142
114
185
55
140
171
91
63
80
141
87
143
64
149
106
78
150
67
172
80
136
65
125
68
171
68
156
61
68
68
171
171
171
171
68
171
68
68
68
147
68
171
68
68
182
18
80
106
99
82
28
68
68
68
100
68
68
151
68
171
61
68
68
125
68
12
68
89
68
68
138
68
69
92
69
69
69
69
69
69
138
97
58
116
8
69
69
69
110
69
160
156
100
158
110
114
97
75
109
98
69
40
70
105
144
140
151
69
0
99
130
69
145
18
98
140
5
69
137
172
69
99
70
194
70
87
70
70
87
70
70
116
74
116
87
70
70
87
140
133
75
70
94
70
70
153
94
70
70
70
133
70
70
70
153
133
70
70
102
70
92
153
121
81
133
140
95
116
116
111
94
121
71
71
173
71
172
71
71
71
71
101
71
119
198
71
71
71
74
108
71
71
157
71
124
124
71
76
71
71
71
195
71
71
71
74
127
138
195
195
71
71
71
124
71
198
71
76
198
102
71
194
72
72
5
134
72
92
138
72
72
184
135
125
32
72
24
141
72
135
158
167
163
142
72
72
151
72
72
167
135
72
72
109
53
72
64
80
179
117
90
97
111
128
186
141
86
83
32
140
73
138
112
73
73
117
149
90
73
110
73
73
142
135
112
60
62
45
73
164
73
111
73
140
72
73
169
112
73
8
114
73
73
140
54
62
55
76
62
73
73
73
155
73
21
59
73
135
135
65
141
73
68
74
158
158
156
74
74
74
74
181
156
74
180
74
148
28
180
148
54
74
74
120
171
74
158
119
74
74
74
74
74
74
148
54
74
54
111
74
112
74
74
158
173
34
74
74
156
74
40
156
164
90
75
141
105
75
32
75
119
129
168
123
119
75
75
38
109
96
156
24
141
75
75
75
100
75
130
47
77
198
75
73
5
76
156
75
134
5
77
24
96
156
194
64
64
139
195
75
145
180
25
162
34
63
197
66
99
127
76
76
91
144
85
80
163
54
4
75
28
86
149
76
120
118
76
76
45
127
76
76
114
63
76
101
76
158
162
11
20
81
129
55
64
76
78
195
76
137
76
154
99
77
167
123
167
106
156
169
106
25
24
138
125
141
106
150
92
5
22
119
55
118
151
90
181
3
28
156
75
77
106
99
150
38
119
106
85
29
24
156
140
155
83
129
81
99
181
128
151
99
78
12
78
78
78
78
84
78
78
78
172
78
141
78
78
155
78
78
114
78
78
78
78
78
78
78
78
78
78
78
78
78
78
78
78
78
78
78
155
63
78
78
78
78
78
78
3
78
78
78
88
155
138
135
79
142
109
72
186
120
108
40
79
89
79
141
42
88
125
79
142
79
77
24
151
95
141
79
76
93
6
160
79
111
76
92
138
195
39
117
119
64
136
79
64
136
142
188
138
79
82
156
140
172
151
32
127
92
167
63
80
136
63
142
87
90
71
80
76
67
184
135
11
136
69
156
174
197
57
86
139
174
69
161
0
140
52
75
63
67
34
99
140
80
67
140
68
63
160
161
116
129
81
81
121
69
81
81
81
198
81
81
81
81
81
81
81
81
194
81
34
81
81
81
81
81
81
185
88
81
81
96
81
81
81
140
81
81
81
167
89
136
81
81
81
81
116
81
81
69
189
175
82
82
82
82
82
82
181
82
82
82
82
82
163
18
150
82
82
89
82
146
124
142
142
82
82
82
82
146
185
82
98
99
176
104
40
158
28
82
82
28
147
82
82
82
93
118
2
126
174
59
18
30
83
160
132
172
0
17
73
68
163
61
0
61
109
68
135
67
109
180
99
131
158
99
83
83
186
75
34
83
141
125
83
181
28
163
64
160
183
163
83
150
98
74
180
83
98
48
12
84
7
141
101
102
119
84
196
84
118
156
49
164
84
57
55
164
164
69
95
81
4
100
84
199
84
84
50
162
108
124
57
102
111
28
75
30
84
32
198
147
55
107
49
165
11
48
49
107
85
13
14
125
85
180
85
105
85
139
144
85
85
105
85
158
85
165
85
125
134
62
85
85
134
85
119
169
186
28
90
149
85
72
105
129
128
13
105
108
85
4
85
169
120
63
85
62
85
162
167
86
131
86
120
128
142
86
86
126
128
140
86
72
86
128
32
136
92
78
48
142
60
127
87
135
76
128
167
110
180
86
140
140
73
86
78
141
128
128
86
86
86
128
86
110
86
128
72
87
98
97
87
141
87
156
87
76
126
87
87
87
63
146
87
87
97
151
87
119
18
87
97
99
151
155
71
87
87
92
97
134
97
147
80
87
87
87
147
147
88
106
141
62
109
87
87
138
140
87
42
148
168
88
88
99
88
88
176
122
174
39
32
24
88
127
147
5
10
78
88
181
136
125
43
14
135
54
52
95
82
140
141
4
40
10
152
181
88
55
154
91
88
5
95
22
125
74
52
139
158
89
179
48
89
89
98
92
103
181
134
99
78
114
126
136
47
158
91
89
190
192
151
110
99
172
64
89
162
91
89
24
89
89
98
147
167
67
89
115
98
39
198
89
142
97
89
98
92
61
68
156
101
90
188
90
169
90
90
90
90
134
90
90
90
90
176
161
63
128
90
90
149
134
25
149
90
25
14
90
78
90
90
90
62
132
31
90
62
169
90
18
90
62
90
90
177
90
138
149
19
91
136
91
8
91
195
91
91
91
5
91
91
78
91
91
91
194
195
91
91
4
125
52
91
91
91
91
91
91
195
39
91
91
91
5
91
91
91
195
57
183
91
125
151
91
158
149
3
91
69
153
92
92
24
92
99
97
162
95
78
92
167
92
151
135
53
165
113
149
129
92
151
92
92
142
187
59
52
116
92
92
92
182
151
32
198
98
99
188
99
87
126
92
92
92
125
92
92
92
176
190
171
93
176
17
82
196
93
82
93
93
93
146
93
176
82
82
7
93
82
176
116
163
93
82
80
82
184
93
82
176
149
24
191
93
93
176
191
191
61
82
93
88
82
93
5
93
85
3
153
70
63
70
70
153
94
153
160
69
70
94
153
153
70
94
116
70
94
145
70
141
164
166
153
116
70
70
70
153
133
153
50
70
133
94
155
87
70
116
30
121
70
116
70
94
94
133
94
108
165
95
95
116
198
132
95
95
125
119
194
101
95
173
95
119
78
98
122
137
154
128
132
71
164
95
132
95
101
71
98
68
63
181
145
101
95
11
165
140
95
165
145
154
132
66
71
101
95
108
185
78
96
96
198
198
96
154
96
96
96
129
198
195
158
96
198
96
96
96
198
198
96
194
198
96
100
164
96
96
96
6
57
140
194
198
41
67
198
172
96
96
96
96
97
70
96
139
154
198
142
97
68
82
147
97
158
74
114
121
97
69
121
142
107
145
97
97
97
97
150
97
69
97
97
65
97
5
92
97
97
140
98
127
181
147
107
188
89
106
97
146
97
98
97
150
107
140
97
128
93
169
150
98
98
72
98
98
98
98
98
98
111
172
151
98
175
158
98
100
174
90
98
142
140
146
98
98
98
97
98
98
98
98
98
142
176
98
140
111
126
98
82
61
98
100
32
98
98
98
99
99
128
106
97
24
87
122
39
99
147
150
92
99
169
7
99
148
125
47
110
64
99
99
125
79
108
125
150
57
99
124
137
82
99
119
99
88
99
150
82
102
99
147
122
188
60
125
126
68
138
100
63
125
138
158
195
100
132
28
141
59
130
140
99
9
99
24
32
172
123
100
136
136
75
60
68
138
74
138
126
86
167
75
100
139
75
120
150
136
156
100
141
120
141
142
187
138
100
138
194
95
129
66
101
142
124
101
127
165
101
101
101
101
101
101
137
22
101
8
95
101
101
198
101
101
195
101
101
101
101
101
101
140
146
101
101
101
132
118
166
71
101
101
101
101
101
132
198
101
165
93
129
102
172
160
102
71
102
4
81
49
129
97
129
61
188
164
102
11
150
102
102
78
49
59
154
154
102
80
113
102
102
95
172
99
85
172
82
102
102
102
124
105
119
102
102
119
88
75
103
103
4
103
103
103
103
103
116
103
103
103
165
103
103
103
103
103
103
114
174
103
166
5
196
103
61
157
198
103
103
103
103
103
103
103
4
108
103
103
103
103
4
96
103
173
55
166
103
103
104
190
104
117
174
174
104
192
136
187
104
70
24
63
104
192
28
82
104
104
104
136
75
8
174
3
104
104
182
99
191
141
0
186
191
104
174
141
104
174
182
174
183
187
30
192
69
104
107
114
120
119
55
85
106
63
62
105
169
155
106
164
140
106
24
105
12
120
55
105
125
129
82
105
120
117
119
132
24
136
52
138
85
163
125
82
50
85
119
105
85
134
134
169
53
71
55
63
158
105
92
54
99
106
106
114
125
106
138
172
119
71
106
167
11
65
106
24
48
32
106
88
88
119
63
62
28
5
174
24
106
125
106
132
106
106
86
106
12
106
80
99
160
55
11
109
180
119
110
25
136
161
119
107
107
107
164
172
107
107
107
107
107
174
156
107
176
107
114
153
118
107
198
107
107
53
107
107
107
107
107
107
107
107
107
107
11
95
88
107
133
107
107
107
107
107
164
107
107
153
108
118
108
64
108
119
158
87
108
108
108
142
48
108
108
129
167
108
154
4
126
108
18
108
108
108
108
108
108
108
168
108
148
108
108
128
118
82
108
108
108
108
145
126
108
108
154
164
108
108
109
109
172
109
125
109
64
132
109
188
88
109
99
99
73
119
109
125
109
62
109
5
187
109
99
125
109
18
109
57
150
149
109
142
109
88
187
109
109
142
106
109
154
170
109
109
148
109
150
30
156
110
79
87
110
151
110
138
110
92
99
73
110
110
143
32
144
110
110
156
142
92
110
140
87
81
62
110
149
87
127
11
99
92
155
147
155
122
109
155
86
141
110
64
110
45
77
138
172
75
180
129
111
111
111
111
140
111
111
119
108
111
111
107
142
86
127
68
163
140
111
112
111
111
111
167
107
122
111
111
28
111
171
111
111
111
65
111
111
111
111
147
128
111
111
111
28
51
111
111
112
112
138
112
82
82
85
165
158
74
112
85
140
169
105
163
168
17
161
20
112
112
120
85
120
138
101
114
90
71
120
134
68
150
68
140
180
73
168
105
149
54
82
158
68
125
150
99
105
62
174
113
102
67
45
113
102
130
64
38
40
131
140
134
73
113
40
113
113
158
181
151
151
24
140
98
142
155
136
30
98
113
155
113
138
120
113
187
47
113
140
67
149
113
149
186
174
31
18
141
166
11
142
82
199
114
114
114
164
114
77
138
43
73
65
114
107
0
114
8
184
74
164
171
164
114
153
76
114
114
107
111
135
130
164
114
147
119
114
114
114
118
42
114
114
164
163
114
139
119
115
115
195
115
115
22
127
115
115
32
115
115
115
115
153
115
115
164
115
36
115
115
164
115
115
96
107
115
145
115
115
115
115
148
115
198
145
115
11
115
115
115
115
115
115
115
166
115
115
115
156
116
87
116
116
81
166
116
100
116
198
116
116
60
137
70
116
150
150
116
121
150
97
194
82
116
70
116
70
147
116
164
198
70
107
116
116
88
116
81
116
116
171
116
145
166
116
116
92
70
187
155
155
171
104
117
91
123
117
5
155
117
95
73
82
141
117
173
117
117
78
155
155
139
155
155
156
142
167
117
148
117
98
117
117
155
155
110
132
168
155
117
72
117
75
181
155
155
127
155
118
170
118
57
118
118
118
171
118
118
73
118
118
118
152
20
118
158
118
139
61
132
118
118
76
132
118
125
95
118
118
118
118
118
118
101
118
108
118
118
118
118
118
171
118
155
118
163
118
118
57
119
57
91
65
136
119
119
57
119
63
107
140
80
195
119
125
75
161
119
172
119
156
119
65
105
119
119
106
105
151
128
180
82
118
20
51
85
61
108
119
74
169
56
82
164
119
124
119
112
158
142
126
118
169
120
58
120
100
90
120
75
120
112
138
158
150
97
112
120
140
125
131
120
120
101
149
167
120
147
74
149
175
120
120
69
96
24
91
136
74
139
125
105
120
100
68
159
76
189
133
70
121
103
121
121
121
70
128
96
81
67
145
164
121
133
121
121
121
121
167
111
116
116
166
121
133
103
98
145
96
121
98
107
121
133
145
133
133
194
121
154
145
121
121
70
108
194
70
121
76
79
20
122
125
42
161
141
99
155
91
109
151
144
41
8
22
88
132
122
137
58
92
95
122
38
54
122
22
91
32
119
100
40
122
8
16
32
141
167
122
198
99
69
155
109
14
32
11
72
158
123
75
123
138
74
143
123
119
131
54
73
180
75
75
158
180
156
106
134
75
63
125
176
32
123
156
100
156
112
155
150
120
180
156
76
105
150
123
75
123
80
156
75
180
106
136
180
123
156
124
88
124
188
124
137
124
64
124
124
124
124
124
137
124
124
124
124
101
140
124
124
126
124
124
124
124
124
124
124
140
165
124
198
124
124
124
124
108
124
124
124
124
124
124
124
124
124
22
124
74
99
5
95
125
95
119
106
5
158
87
125
125
125
138
125
188
52
61
28
16
125
99
5
125
125
99
125
98
106
116
125
144
125
171
126
125
125
125
106
25
132
106
125
125
125
106
180
123
150
126
62
98
165
61
126
126
126
6
142
126
52
126
9
40
126
126
126
102
109
129
129
126
126
126
174
126
92
103
126
129
5
126
61
91
126
59
142
91
126
138
126
126
102
126
126
126
165
126
126
32
139
136
82
127
154
127
128
78
144
148
127
127
127
127
129
75
59
127
142
75
129
141
113
127
71
120
150
75
99
171
127
127
86
127
127
87
136
142
127
141
140
198
86
32
128
127
78
127
87
138
105
155
167
188
128
128
76
128
167
128
140
140
32
128
132
148
128
128
122
128
168
167
140
128
55
65
106
128
128
125
92
128
128
138
128
167
169
128
127
146
128
128
86
140
128
64
167
128
128
129
44
129
129
3
55
146
129
129
66
129
129
64
129
188
169
158
154
129
129
173
129
167
129
64
76
64
170
96
65
126
129
129
129
71
128
118
129
129
129
129
173
129
129
129
78
146
129
129
129
79
90
106
135
130
181
149
80
11
24
128
73
158
86
172
136
172
18
155
141
132
192
184
62
151
175
141
136
32
86
141
59
65
130
186
151
130
11
155
180
172
64
130
186
42
130
72
125
181
130
125
139
136
139
142
82
8
32
68
67
52
63
125
2
131
138
172
90
122
125
5
134
131
135
69
125
24
149
99
42
125
79
72
172
125
71
131
111
151
151
174
139
75
142
28
122
99
147
140
64
171
129
132
125
101
51
132
96
101
152
125
109
124
101
125
128
71
154
132
71
71
132
79
132
132
132
122
95
132
78
101
101
129
120
122
132
7
163
124
71
127
156
21
135
101
140
76
16
73
131
133
133
116
133
133
133
97
70
133
133
84
133
133
147
133
121
133
133
133
166
133
133
133
107
133
153
116
133
133
166
133
133
81
116
87
133
133
133
133
133
70
133
121
133
133
116
133
70
108
70
149
134
190
32
134
129
4
85
75
175
151
134
120
134
62
134
134
132
105
134
14
85
169
149
134
134
85
85
134
85
76
149
87
134
134
134
134
134
14
134
118
165
154
125
85
120
134
62
134
188
39
73
72
195
28
0
67
85
73
73
73
189
62
186
64
75
62
141
158
68
141
63
89
167
163
135
135
125
140
59
115
114
73
134
73
58
127
80
158
73
146
163
135
185
73
85
90
159
141
90
29
136
18
136
136
98
136
136
97
97
136
136
56
64
30
5
136
3
99
136
111
127
141
147
136
140
151
24
136
92
136
142
136
139
63
136
136
136
136
136
136
136
120
82
136
99
176
142
136
136
198
136
57
69
137
137
127
124
139
140
107
51
50
13
137
137
84
67
137
0
91
92
79
137
137
64
86
118
137
137
127
36
95
21
194
147
57
124
23
137
22
140
64
137
172
198
95
137
137
99
110
106
138
138
76
68
138
138
138
138
86
172
138
99
140
138
131
138
138
24
11
141
86
155
132
186
63
90
125
67
120
138
73
10
100
149
138
24
55
73
155
147
140
120
100
76
80
64
138
114
198
119
55
198
141
173
88
151
138
68
139
139
136
140
176
99
148
198
4
139
146
5
117
143
107
139
139
5
65
138
93
139
68
122
148
65
147
65
131
32
32
125
79
19
32
83
97
24
22
7
108
140
138
140
140
89
140
87
140
86
147
140
62
140
128
135
140
140
140
142
140
135
128
31
136
78
140
140
86
128
98
86
160
140
140
145
140
140
140
167
164
167
140
0
69
140
140
140
140
17
106
69
141
116
141
141
110
141
155
149
74
151
62
106
141
141
141
73
126
128
141
92
23
75
108
141
138
122
81
155
140
75
155
167
48
80
135
36
88
69
136
141
59
141
135
160
90
127
155
2
32
142
71
142
142
142
142
142
150
154
142
82
99
97
142
142
142
86
2
142
136
142
92
142
142
87
142
171
142
98
142
64
140
142
166
72
126
160
140
142
80
142
62
64
142
142
142
127
141
155
143
171
143
143
152
143
188
143
143
120
143
143
120
143
143
143
143
143
143
171
28
143
143
143
158
143
143
143
143
143
152
45
11
171
143
143
143
143
143
143
118
143
198
143
143
163
143
180
143
55
141
33
139
91
80
99
142
144
144
106
85
179
149
99
139
142
116
68
92
108
40
99
155
151
144
75
117
125
75
169
99
106
64
139
75
117
151
151
48
144
188
144
149
144
144
100
101
90
0
10
145
145
133
145
145
145
145
145
145
145
145
124
164
158
145
145
127
145
145
145
145
145
145
145
164
164
59
145
145
145
145
145
145
145
145
128
145
145
145
145
140
133
96
145
145
145
145
145
145
145
103
116
164
146
78
146
146
146
176
146
63
146
146
146
146
146
146
146
146
146
167
165
146
146
98
146
171
150
171
146
146
147
146
146
145
110
146
66
128
167
92
165
92
82
146
38
184
167
176
71
67
11
119
147
147
100
147
63
125
126
65
147
62
98
147
97
141
147
97
68
164
147
147
174
65
80
145
156
147
147
98
147
30
147
147
147
126
147
97
92
67
140
97
73
97
65
193
5
5
87
148
165
158
79
120
148
139
68
22
23
171
158
148
148
11
60
198
42
122
23
148
148
106
171
148
148
23
148
148
22
86
114
75
148
158
148
196
148
24
148
23
69
81
71
148
69
148
196
148
148
149
149
149
44
75
149
176
149
90
149
149
110
90
99
85
149
111
149
149
149
149
149
120
18
149
59
85
149
149
149
120
149
134
40
62
128
64
149
18
126
4
149
90
151
149
109
141
47
199
195
114
150
150
106
112
150
150
190
151
99
179
150
174
65
150
150
82
150
150
150
54
150
167
73
193
150
169
140
150
150
150
120
134
150
75
28
60
86
185
53
150
192
82
180
150
179
60
127
150
180
97
171
142
85
134
151
69
151
86
138
14
82
180
89
151
151
149
151
151
174
87
141
151
135
151
80
151
174
151
151
21
126
140
138
155
151
180
97
151
9
151
140
151
64
63
172
87
78
154
151
14
195
58
196
152
37
152
152
195
39
152
195
152
152
149
78
152
152
102
38
152
78
5
152
9
64
152
152
152
152
172
91
152
16
152
152
152
8
199
44
4
195
152
195
16
152
141
14
195
195
94
153
70
69
107
153
153
115
153
145
87
82
70
94
116
164
94
94
92
116
70
94
133
145
116
153
153
70
153
18
153
70
70
145
153
145
153
153
94
87
70
63
70
153
114
70
70
176
153
70
154
87
124
154
152
128
166
164
154
118
64
154
70
157
78
154
198
103
154
154
198
154
170
64
154
132
154
154
154
154
61
87
194
198
154
154
198
155
154
150
154
168
167
164
154
154
198
91
81
108
34
152
155
155
110
155
13
155
155
155
114
141
155
136
155
148
155
92
97
155
155
141
38
155
31
75
155
75
155
141
155
155
5
148
155
92
181
141
155
135
155
111
155
155
124
149
155
172
75
76
108
75
156
131
119
21
68
193
3
136
69
163
152
74
60
127
24
77
156
75
88
99
156
92
127
156
181
199
156
80
120
32
168
48
187
110
156
100
156
156
156
92
75
22
105
28
156
52
156
156
195
157
166
157
75
194
118
119
129
165
173
71
154
196
129
5
164
129
195
95
173
198
113
157
63
157
198
4
195
54
74
170
116
151
157
121
75
194
165
147
92
111
198
78
157
152
157
163
78
127
22
171
158
28
134
158
146
158
148
25
63
156
120
158
149
32
95
158
171
127
158
171
131
158
120
158
158
63
67
81
25
197
158
158
85
49
163
158
158
63
158
120
74
158
136
158
158
62
101
134
17
122
0
40
180
90
18
40
54
40
141
3
108
130
147
162
99
141
77
180
91
34
198
198
79
125
20
151
125
74
180
100
158
152
8
41
193
63
99
180
91
113
108
148
167
21
3
99
144
32
160
76
69
45
117
114
6
136
80
69
110
160
174
11
141
160
149
160
69
136
160
160
160
179
142
160
160
136
74
104
171
110
160
174
87
76
119
160
172
141
22
73
160
135
172
87
106
160
179
160
34
195
32
74
189
161
161
190
137
65
128
106
134
31
106
100
36
191
161
179
161
161
48
52
136
130
149
161
18
25
31
32
172
31
152
161
24
31
55
24
56
161
86
161
47
161
161
75
174
181
170
162
91
162
71
5
75
162
162
152
165
162
162
162
66
162
11
78
162
129
162
50
114
162
6
162
96
14
103
129
162
52
66
50
162
78
9
91
57
129
66
162
162
162
162
162
7
165
12
20
76
55
7
83
163
133
163
164
163
163
163
163
163
163
82
111
107
163
163
21
163
86
163
163
106
163
99
120
88
137
132
112
74
68
128
118
118
122
163
163
90
163
163
163
123
163
101
163
163
143
164
164
164
143
198
82
115
164
164
164
50
164
82
172
164
114
164
48
164
164
145
164
164
164
164
164
164
114
164
164
164
119
84
107
100
102
49
128
106
164
114
164
196
164
111
164
108
164
111
164
66
165
165
127
165
165
91
66
165
165
165
72
165
166
165
165
165
165
165
165
124
29
80
165
165
165
165
96
91
167
128
165
165
173
165
151
78
165
165
165
165
165
195
165
66
165
165
96
165
76
166
166
167
166
145
166
166
166
166
166
166
146
166
166
145
166
166
166
166
166
166
165
166
166
166
166
166
166
166
166
166
75
145
166
166
166
166
146
166
166
107
81
166
166
166
166
70
166
82
65
155
167
128
118
167
167
198
167
95
150
167
167
140
66
111
86
125
65
167
151
128
167
167
167
167
170
167
167
76
129
138
111
167
167
167
85
167
127
109
139
167
64
78
167
167
129
167
147
125
167
176
92
111
138
148
111
127
170
164
108
163
122
118
164
125
80
75
64
116
194
168
168
128
43
18
138
66
74
114
28
11
75
79
111
90
96
131
140
163
75
80
76
50
113
137
127
180
114
190
115
176
126
188
79
62
62
129
60
5
140
76
3
75
140
172
169
169
124
174
169
2
140
126
169
118
169
138
129
136
120
88
125
138
169
67
169
169
85
136
72
60
112
140
118
29
62
169
68
88
169
170
86
170
170
170
170
170
195
96
52
170
170
96
127
154
67
170
195
96
4
170
170
170
169
165
170
66
170
194
129
170
194
4
162
170
170
118
170
170
165
170
195
170
154
170
151
164
170
170
115
158
171
171
171
24
171
99
171
142
171
171
171
99
136
171
171
52
73
172
171
168
171
68
171
82
125
95
68
74
171
118
171
158
171
171
171
120
171
171
132
171
171
25
68
171
62
171
171
171
171
180
72
73
147
136
109
142
172
151
172
147
140
136
160
172
79
127
62
172
63
40
155
172
172
106
139
140
172
179
167
155
151
32
199
151
90
69
143
69
187
0
127
63
172
173
160
49
135
79
80
57
173
142
173
129
164
199
173
173
132
62
124
71
101
197
155
173
173
173
173
71
71
155
173
173
66
173
76
95
124
173
164
129
173
173
173
173
103
128
95
173
173
173
173
173
173
138
173
173
173
174
11
136
192
174
174
92
174
190
183
174
95
177
191
174
97
104
191
136
174
174
183
178
178
174
104
174
174
178
174
183
174
174
179
104
174
177
175
191
174
87
80
141
174
181
174
174
174
38
174
79
193
104
24
150
138
98
31
99
192
99
97
5
175
3
74
109
98
86
182
99
90
163
127
104
174
32
73
136
81
128
163
81
38
150
104
69
125
105
68
99
24
175
158
174
175
136
100
0
179
176
176
176
176
176
176
176
176
76
176
175
176
176
176
176
108
125
176
24
176
176
62
176
176
176
176
176
88
65
176
146
176
176
143
62
176
176
176
176
82
176
176
63
112
176
148
176
134
32
176
174
177
177
177
192
177
179
177
76
182
199
179
192
38
179
177
192
144
41
18
67
174
25
177
177
179
158
90
177
181
140
192
179
2
181
161
191
192
191
179
178
88
80
177
192
174
136
177
179
136
11
76
178
177
15
62
178
183
178
187
183
178
78
46
182
178
178
190
178
178
182
148
178
178
192
178
142
176
178
45
192
184
178
178
178
190
178
178
178
178
178
179
177
178
182
183
188
179
177
142
188
117
182
161
180
141
74
179
187
156
179
179
177
179
177
179
188
179
181
136
177
179
179
32
11
45
179
141
63
5
161
192
24
179
179
179
177
179
179
18
74
161
179
179
150
160
179
188
161
179
180
90
74
149
60
180
180
181
180
123
149
180
75
180
99
79
75
193
68
136
180
120
148
131
150
137
136
180
72
180
124
77
18
24
120
180
142
158
132
109
114
156
85
40
131
25
180
188
142
180
5
181
74
42
31
181
181
181
192
181
163
181
181
74
181
181
181
194
177
180
181
58
68
181
3
181
147
190
192
191
100
104
3
73
4
181
181
192
191
160
109
14
181
187
80
75
181
181
181
181
25
155
178
179
189
25
192
182
182
188
179
182
177
191
177
147
182
179
190
177
179
174
188
182
72
182
7
192
186
179
182
177
6
39
192
182
45
182
192
186
142
188
34
17
190
179
192
182
182
18
183
48
183
179
192
183
177
183
183
72
183
148
183
199
183
183
183
40
25
183
136
39
104
104
182
45
183
183
42
183
183
136
196
183
188
183
161
136
183
183
47
149
155
183
19
192
179
183
45
15
42
184
184
184
184
184
42
184
187
187
184
184
184
184
18
184
184
184
184
187
42
184
184
184
184
59
184
184
184
160
199
187
186
122
42
184
109
63
184
184
184
184
184
67
187
184
184
184
0
184
190
24
124
190
185
57
14
185
3
48
14
185
39
185
12
34
76
185
185
149
173
58
93
195
185
3
141
185
185
185
129
185
33
11
185
185
0
152
52
185
185
185
185
185
78
185
185
3
185
181
186
104
186
186
187
58
45
188
36
187
186
160
186
186
186
186
186
106
186
180
38
73
186
186
184
188
0
187
184
190
183
186
186
187
187
186
186
191
130
188
186
187
187
186
194
186
188
186
186
187
188
177
187
45
187
188
187
187
187
21
186
104
80
187
187
187
187
187
188
186
187
179
187
188
187
179
187
187
187
188
188
187
45
187
184
188
187
186
187
45
192
187
187
155
187
187
187
117
187
192
188
38
188
180
191
188
99
188
187
198
21
188
186
38
18
188
192
188
188
188
39
187
47
188
188
117
188
188
17
186
105
64
179
188
188
188
45
187
136
188
188
164
95
188
188
38
3
188
129
188
189
189
131
189
189
189
180
38
184
184
184
189
189
15
189
179
18
59
184
189
184
189
0
189
45
199
18
18
149
52
199
141
189
189
189
184
38
190
38
189
189
0
14
199
189
184
185
24
189
38
190
190
190
18
190
175
18
182
179
190
177
3
190
190
188
177
41
104
191
190
177
191
104
192
190
59
174
181
105
191
190
192
191
182
190
179
190
79
24
190
190
190
104
190
179
182
188
177
192
98
174
191
191
104
191
179
191
191
175
191
191
191
191
190
174
186
191
191
191
191
177
191
191
114
192
191
191
191
191
18
191
191
68
191
191
191
191
191
191
191
191
191
192
191
191
191
82
191
191
191
192
192
188
25
192
192
175
192
189
192
174
192
192
192
187
192
192
192
182
192
192
192
183
183
179
182
190
179
192
192
136
192
192
192
0
182
192
67
191
80
192
192
192
192
25
24
192
192
192
193
193
193
193
193
193
99
193
193
192
193
193
193
193
176
193
110
179
193
193
193
193
193
193
193
176
141
160
179
136
110
99
136
193
193
98
125
193
107
110
193
174
193
193
136
104
193
193
172
193
193
194
66
32
23
170
194
194
194
194
194
194
96
194
194
194
198
194
5
66
198
194
50
194
194
194
108
194
14
194
194
194
172
198
194
114
195
75
194
194
102
69
76
194
194
164
194
49
198
22
194
195
195
54
22
195
96
195
20
198
198
195
64
195
195
7
194
50
198
162
195
75
195
194
195
57
195
170
85
198
137
4
198
195
195
194
96
4
198
195
195
71
186
195
195
195
195
53
195
195
22
194
23
196
196
196
196
4
196
176
196
152
106
196
14
148
196
195
196
196
196
195
183
196
17
196
183
196
196
14
196
51
196
14
196
148
196
195
196
194
196
196
17
14
196
4
196
196
19
46
23
114
81
198
96
194
198
197
23
194
108
197
198
198
198
198
23
198
198
96
80
154
118
165
197
198
197
198
198
198
195
102
129
80
119
158
96
71
170
195
148
14
75
71
89
152
96
76
152
80
75
11
198
198
158
198
198
198
197
198
0
14
198
198
198
95
96
96
198
198
96
198
22
198
198
198
198
194
198
198
66
0
96
198
198
198
86
78
198
124
198
198
4
198
158
195
198
198
198
198
198
199
186
42
3
187
15
172
199
5
58
45
187
76
161
160
20
199
43
51
69
185
79
6
199
180
185
199
184
181
199
199
199
198
199
152
187
47
199
42
3
185
114
47
149
36
142
199
119
43
15
